1.3972027972  77.5849056604
1.40559440559  77.7547169811
1.42657342657  78.2641509434
1.46433566434  78.9433962264
1.49370629371  79.6226415094
1.52727272727  80.3018867925
1.54825174825  80.9811320755
1.57342657343  81.6603773585
1.58181818182  82.3396226415
1.61118881119  82.1698113208
1.63216783217  82.8490566038
1.64055944056  82.679245283
1.66573426573  84.0377358491
1.67832167832  83.5283018868
1.69090909091  83.0188679245
1.70769230769  84.2075471698
1.7034965035  84.7169811321
1.73286713287  85.7358490566
1.74965034965  85.5660377358
1.80839160839  87.7735849057
1.82097902098  87.2641509434
1.84615384615  88.9622641509
1.87132867133  88.2830188679
1.87972027972  90.6603773585
1.8965034965  90.1509433962
1.90909090909  89.8113207547
1.91748251748  92.6981132075
1.93426573427  92.0188679245
1.95104895105  91.3396226415
1.96363636364  95.0754716981
1.97202797203  94.0566037736
1.98881118881  93.3773584906
2.01818181818  95.9245283019
2.00979020979  96.2641509434
1.9972027972  97.4528301887
2.06013986014  98.641509434
2.03916083916  99.8301886792
2.04335664336  102.20754717
2.02237762238  103.056603774
2.0979020979  103.396226415
2.10629370629  102.886792453
2.08531468531  105.264150943
2.08951048951  105.773584906
2.07272727273  106.962264151
2.13566433566  107.132075472
2.12727272727  109.339622642
2.12727272727  109.509433962
2.11468531469  114.094339623
2.14825174825  116.641509434
2.14825174825  120.037735849
2.16503496503  118.509433962
2.17762237762  118.169811321
2.19440559441  117.490566038
2.25734265734  117.150943396
