0.839160839161  13.3962264151
0.813986013986  13.0566037736
0.793006993007  13.9056603774
0.805594405594  14.7547169811
0.818181818182  16.2830188679
0.868531468531  16.9622641509
0.851748251748  18.1509433962
0.902097902098  19.1698113208
0.893706293706  20.6981132075
0.927272727273  21.7169811321
0.923076923077  23.4150943396
0.93986013986  25.1132075472
0.952447552448  26.9811320755
0.998601398601  26.8113207547
1.0027972028  28.5094339623
1.02377622378  30.2075471698
1.04895104895  31.0566037736
1.06993006993  32.2452830189
1.0951048951  33.9433962264
1.11608391608  35.3018867925
1.14125874126  36.6603773585
1.18321678322  38.358490566
1.21258741259  39.8867924528
1.23776223776  41.0754716981
1.28811188811  43.1132075472
1.3048951049  44.641509434
1.35524475524  46
1.36783216783  47.5283018868
1.44755244755  48.8867924528
1.44755244755  49.5660377358
1.5020979021  51.2641509434
1.53986013986  52.2830188679
1.55664335664  52.9622641509
1.59020979021  53.3018867925
1.61538461538  54.6603773585
1.64475524476  55.3396226415
1.68251748252  55.8490566038
1.71608391608  56.8679245283
1.72447552448  57.3773584906
1.74965034965  57.8867924528
1.78741258741  58.0566037736
1.82097902098  59.2452830189
1.84615384615  58.9056603774
1.87972027972  60.0943396226
1.9006993007  60.9433962264
1.92167832168  61.4528301887
1.95944055944  61.6226415094
1.96783216783  60.9433962264
2.01818181818  61.9622641509
2.04335664336  63.320754717
2.09370629371  64
2.12307692308  64.8490566038
2.16503496503  65.6981132075
2.18601398601  66.3773584906
2.22797202797  66.8867924528
2.25314685315  67.3962264151
2.27832167832  68.5849056604
2.30769230769  69.2641509434
2.33706293706  69.4339622642
2.36643356643  70.1132075472
2.35384615385  77.9245283019
2.38741258741  78.0943396226
2.42517482517  78.2641509434
2.46293706294  78.6037735849
2.48811188811  79.4528301887
2.5006993007  80.8113207547
2.51748251748  80.641509434
2.54685314685  82.1698113208
2.55944055944  82.3396226415
2.56783216783  84.0377358491
2.59300699301  84.2075471698
2.58881118881  85.7358490566
2.60559440559  86.2452830189
2.63076923077  87.4339622642
2.63916083916  88.1132075472
2.64755244755  88.7924528302
2.67692307692  91
2.66853146853  91.679245283
2.67692307692  93.7169811321
2.68531468531  97.7924528302
2.68111888112  100.169811321
2.71048951049  99.8301886792
2.75244755245  99.6603773585
2.79440559441  98.9811320755
2.82797202797  98.4716981132
2.8951048951  97.6226415094
2.93286713287  96.9433962264
2.95804195804  95.9245283019
3  95.2452830189
