1.03636363636  44.641509434
1.04895104895  46
1.05314685315  47.0188679245
1.08671328671  47.5283018868
1.11608391608  49.7358490566
1.13706293706  50.7547169811
1.16223776224  51.7735849057
1.1958041958  52.7924528302
1.22517482517  53.641509434
1.22937062937  54.1509433962
1.25874125874  55.5094339623
1.3006993007  56.8679245283
1.35524475524  58.2264150943
1.35524475524  59.0754716981
1.3972027972  59.9245283019
1.44335664336  61.6226415094
1.47272727273  61.9622641509
1.47692307692  62.3018867925
1.54825174825  64
1.58181818182  64.8490566038
1.60699300699  65.5283018868
1.64055944056  66.2075471698
1.65734265734  66.7169811321
1.68251748252  66.7169811321
1.72447552448  67.7358490566
1.74965034965  68.0754716981
1.77902097902  69.2641509434
1.83356643357  69.4339622642
1.89230769231  70.6226415094
1.93006993007  71.641509434
1.9972027972  73.3396226415
2.07692307692  75.5471698113
2.17762237762  78.6037735849
2.25734265734  81.1509433962
2.31608391608  83.8679245283
2.36643356643  88.4528301887
2.41258741259  90.320754717
2.43776223776  93.7169811321
2.46293706294  97.4528301887
2.48811188811  105.773584906
2.52167832168  106.79245283
2.53846153846  105.433962264
2.56363636364  105.943396226
2.58461538462  105.433962264
2.63076923077  104.754716981
2.65174825175  103.396226415
2.71888111888  102.547169811
2.83636363636  101.358490566
2.90769230769  99.320754717
3.11328671329  95.9245283019
3.2013986014  94.5660377358
3.32727272727  92.358490566
