1.11278458844  38.6981132075
1.10437828371  39.5471698113
1.11698774081  40.2264150943
1.14220665499  41.2452830189
1.15901926445  41.7547169811
1.18003502627  42.6037735849
1.22626970228  45.1509433962
1.2472854641  46
1.2472854641  46.5094339623
1.2472854641  46.8490566038
1.26409807356  46.8490566038
1.30192644483  49.0566037736
1.31453590193  49.7358490566
1.33975481611  50.7547169811
1.37338003503  51.7735849057
1.40700525394  52.6226415094
1.42802101576  52.9622641509
1.46164623468  53.8113207547
1.47845884413  55
1.52469352014  55.679245283
1.61295971979  57.8867924528
1.67600700525  59.2452830189
1.81050788091  62.4716981132
1.85253940455  63.320754717
1.83152364273  62.9811320755
1.90297723292  63.8301886792
1.91978984238  64.679245283
1.97443082312  65.6981132075
2.02486865149  66.7169811321
2.0711033275  67.3962264151
2.10893169877  68.7547169811
2.15096322242  69.4339622642
2.2350262697  70.9622641509
2.26024518389  71.8113207547
2.2938704028  72.4905660377
2.31068301226  73.5094339623
2.34010507881  74.0188679245
2.36952714536  74.358490566
2.39474605954  80.3018867925
2.44518388792  81.6603773585
2.51243432574  83.6981132075
2.58388791594  87.6037735849
2.71838879159  100.679245283
2.87810858144  97.4528301887
3.10928196147  94.0566037736
3.22276707531  91.8490566038
3.32784588441  89.9811320755
3.39509632224  89.1320754717
3.50858143608  86.5849056604
3.57583187391  85.9056603774
3.60525394046  84.8867924528
