1.17471264368  36.1885245902
1.18620689655  36.5573770492
1.2091954023  37.8483606557
1.22298850575  38.0327868852
1.24137931034  39.1393442623
1.25287356322  40.6147540984
1.27586206897  42.4590163934
1.29655172414  41.9057377049
1.30114942529  42.643442623
1.26896551724  41.1680327869
1.32183908046  43.1967213115
1.34252873563  44.118852459
1.36091954023  46.3319672131
1.37931034483  45.5942622951
1.3632183908  44.856557377
1.38850574713  47.2540983607
1.4  46.5163934426
1.40229885057  48.5450819672
1.4367816092  48.1762295082
1.43908045977  48.7295081967
1.47816091954  50.2049180328
1.48965517241  50.7581967213
1.49655172414  52.6024590164
1.52643678161  52.2336065574
1.53793103448  52.4180327869
1.55632183908  53.5245901639
1.58390804598  54.8155737705
1.58620689655  55.1844262295
1.64137931034  57.7663934426
1.66206896552  59.7950819672
1.71034482759  60.9016393443
1.74482758621  63.8524590164
1.80689655172  64.5901639344
1.80459770115  66.4344262295
1.84597701149  68.6475409836
1.87356321839  70.3073770492
1.90344827586  71.7827868852
1.92873563218  74.5491803279
1.97011494253  77.3155737705
1.96091954023  78.606557377
1.98390804598  79.7131147541
2.01379310345  85.7991803279
2.02298850575  88.381147541
2.06896551724  93.7295081967
2.06896551724  94.8360655738
2.08735632184  95.9426229508
2.09195402299  96.6803278689
2.06896551724  97.9713114754
2.09655172414  101.106557377
2.08965517241  102.581967213
2.07586206897  102.581967213
2.08045977011  104.241803279
2.09195402299  105.348360656
2.09885057471  106.823770492
2.08275862069  106.086065574
2.09425287356  114.93852459
