1.5724137931  35.8196721311
1.58390804598  36.3729508197
1.59310344828  35.8196721311
1.60689655172  36.9262295082
1.61609195402  37.6639344262
1.62298850575  38.0327868852
1.63448275862  38.5860655738
1.64597701149  38.2172131148
1.65287356322  38.5860655738
1.65287356322  38.9549180328
1.67586206897  39.6926229508
1.68735632184  40.4303278689
1.71264367816  41.3524590164
1.73333333333  42.4590163934
1.74942528736  42.8278688525
1.76781609195  43.381147541
1.7632183908  43.9344262295
1.77471264368  44.6721311475
1.77931034483  44.118852459
1.78390804598  45.4098360656
1.8183908046  45.9631147541
1.83448275862  46.3319672131
1.85747126437  47.8073770492
1.88505747126  48.7295081967
1.91494252874  50.0204918033
1.93103448276  50.5737704918
1.94712643678  51.4959016393
2.01379310345  63.6680327869
2.02528735632  64.2213114754
2.04827586207  64.5901639344
2.07816091954  65.512295082
2.11264367816  67.9098360656
2.15172413793  69.7540983607
2.2  71.9672131148
2.22068965517  75.2868852459
2.24137931034  78.9754098361
2.26666666667  85.7991803279
2.27356321839  101.844262295
