2.02058319039  78.9115646259
2.02915951973  81.1224489796
2.06346483705  83.7755102041
2.07204116638  85.5442176871
2.08919382504  86.8707482993
2.1320754717  88.1972789116
2.15780445969  90.4081632653
2.16638078902  91.7346938776
2.20926243568  93.5034013605
2.243567753  95.7142857143
2.26072041166  97.925170068
2.29502572899  101.020408163
2.32075471698  103.673469388
2.32933104631  105
2.35506003431  107.210884354
2.36363636364  108.095238095
2.39794168096  110.306122449
2.40651801029  112.074829932
2.44082332762  114.285714286
2.46655231561  116.496598639
2.48370497427  119.149659864
2.52658662093  122.244897959
2.54373927959  125.340136054
2.56089193825  127.108843537
2.61234991424  129.761904762
2.62092624357  135.068027211
2.6295025729  135.068027211
2.68096054889  139.047619048
2.71526586621  143.027210884
2.72384219554  144.353741497
2.7409948542  146.12244898
2.7667238422  149.217687075
2.78387650086  150.544217687
2.79245283019  154.523809524
2.80960548885  156.292517007
2.83533447684  162.925170068
2.84391080617  166.020408163
2.86106346484  168.673469388
2.86963979417  170
2.88679245283  171.326530612
2.90394511149  174.421768707
2.94682675815  178.843537415
2.96397941681  181.054421769
2.97255574614  182.823129252
2.98113207547  185.918367347
3.00686106346  189.013605442
3.03259005146  191.666666667
3.03259005146  195.204081633
3.04116638079  197.414965986
3.05831903945  202.278911565
3.06689536878  204.489795918
3.08404802744  208.027210884
3.10120068611  212.006802721
3.1269296741  214.217687075
3.1269296741  219.081632653
3.14408233276  219.965986395
3.14408233276  224.387755102
3.16981132075  230.136054422
3.16981132075  235
3.18696397942  243.843537415
3.19554030875  254.455782313
3.21269296741  263.299319728
3.2384219554  299.115646259
3.512864494  296.904761905
3.63293310463  296.462585034
3.55574614065  291.156462585
3.65866209262  288.503401361
3.70154373928  289.387755102
3.79588336192  284.965986395
3.88164665523  284.081632653
3.90737564322  283.197278912
3.84734133791  283.197278912
3.81303602058  281.428571429
3.81303602058  278.775510204
3.83018867925  275.680272109
3.85591766724  275.238095238
3.86449399657  278.775510204
3.94168096055  278.775510204
3.92452830189  277.448979592
3.91595197256  274.795918367
3.99313893654  278.333333333
3.95883361921  276.12244898
3.9845626072  273.469387755
4.00171526587  271.258503401
4.05317324185  270.37414966
4.03602058319  268.163265306
4.01886792453  266.394557823
3.95883361921  267.721088435
4.06174957118  265.068027211
4.11320754717  265.952380952
4.07890222985  262.857142857
4.13036020583  261.088435374
4.14751286449  262.857142857
4.17324185249  262.857142857
4.19897084048  261.088435374
4.21612349914  258.87755102
4.18181818182  257.993197279
4.19897084048  255.340136054
4.24185248714  256.224489796
4.30188679245  254.897959184
4.28473413379  253.129251701
4.26758147513  252.68707483
4.29331046312  250.918367347
4.31046312178  251.360544218
4.32761578045  252.68707483
4.3704974271  249.591836735
4.34476843911  248.265306122
4.38765008576  246.93877551
4.42195540309  244.285714286
4.45626072041  244.727891156
4.49056603774  242.517006803
4.45626072041  241.632653061
4.49056603774  239.863945578
4.55060034305  241.19047619
4.55060034305  237.210884354
4.55917667238  236.326530612
4.6192109777  235
4.57632933105  233.673469388
4.65351629503  231.020408163
4.67924528302  227.925170068
4.73927958834  227.040816327
4.74785591767  225.272108844
4.80789022298  224.829931973
4.79931389365  221.292517007
4.8679245283  219.081632653
4.88507718696  215.544217687
4.93653516295  215.102040816
4.96226415094  212.891156463
4.97941680961  210.680272109
5.01372212693  208.027210884
5.05660377358  205.816326531
5.08233276158  204.489795918
5.09948542024  205.816326531
5.12521440823  204.047619048
5.12521440823  202.721088435
5.17667238422  200.068027211
5.21097770154  198.299319728
5.29674099485  195.204081633
5.27958833619  193.43537415
5.32246998285  192.108843537
5.34819897084  190.782312925
5.39965694683  187.68707483
5.46826758148  185.476190476
5.5025728988  182.823129252
5.57975986278  179.727891156
5.6140651801  176.632653061
5.65694682676  174.863945578
5.69125214408  173.979591837
5.72555746141  172.210884354
5.7512864494  169.115646259
5.78559176672  168.231292517
5.80274442539  165.136054422
5.85420240137  163.80952381
5.8885077187  162.925170068
5.91423670669  159.387755102
5.93996569468  157.619047619
5.99142367067  155.408163265
6.02572898799  153.639455782
6.06003430532  151.428571429
6.06861063465  149.659863946
6.10291595197  147.448979592
6.12006861063  146.56462585
6.12864493997  147.006802721
6.18010291595  144.353741497
6.21440823328  141.258503401
