0.532594366782  0.589748257901
0.537576120834  0.658668154693
0.537576120834  0.683386927088
0.542604472962  0.726663478282
0.547679859035  0.772680585096
0.547679859035  0.801678063388
0.551089796806  0.852445586699
0.557973496902  0.917628020593
0.559707815318  1
0.564943181763  1.05034829146
0.568460603597  1.08976619889
0.573777841427  1.1730954041
0.573777841427  1.23215875341
0.579144815365  1.27839971946
0.582750658721  1.42779766264
0.590029836794  1.51821519361
0.590029836794  1.63430584272
0.60486210281  1.73780082875
0.601119442099  1.82529613137
0.606742162509  1.96486778999
0.614321020086  2.19448862139
0.625867177956  2.4509436889
0.62976392182  2.60615355
0.635654575504  2.87519077716
0.643594579996  3.05726675188
0.649614602186  3.37287308659
0.661824102605  3.67564308292
0.670090992438  4.00559159096
0.663881214163  4.20726628384
0.678461144554  4.64158883361
0.682685346421  4.93552474139
0.691212815468  5.12074716617
0.699846801711  5.64936974812
0.704204153919  5.93380586275
0.715216595938  6.23256284978
0.715216595938  6.62724968757
0.724150415034  6.96092038641
0.73319582707  7.31139083483
0.737760815363  7.49318865081
0.749298021098  7.49318865081
0.746976235835  7.9677065987
0.761015647254  9.69765359108
0.770521545411  9.46237161366
0.782571067977  9.93878585754
0.802243466783  10.1859138805
0.789891041359  12.3974776303
0.80723835614  12.8627353259
0.830103013987  14.7231250243
0.861599806153  15.4644092142
0.872362107874  15.0892156949
0.88600422725  20.0139740955
0.897071366252  19.0546071796
0.90546234669  19.5284002031
0.928224006452  19.0546071796
0.934003269734  22.6290679573
0.94860934213  23.4783010292
0.960458485876  24.0620892504
0.975478268604  22.6290679573
0.987663033936  25.5858588691
1.00310824515  25.5858588691
1.0156381384  27.2061235936
1.03152082817  25.9020020453
1.05090825256  31.1410558445
1.07066006341  30.3855195563
1.07398793736  33.5222633323
1.09078310937  33.5222633323
1.11473851203  30.0146534492
1.12866278652  31.1410558445
1.1534500896  33.1131121483
1.1606316446  33.5222633323
1.18244570558  35.2100520168
1.20093695518  32.3097303372
1.22731151863  38.3707245492
1.23879148258  46.7017692115
1.262074557  36.5314294899
1.262074557  39.3248130501
1.27387968568  39.3248130501
1.32221479955  39.8107170553
1.34706581444  36.5314294899
1.37664960953  46.131757456
1.38522083855  46.131757456
1.4244565863  44.4631267469
1.44224957031  45.0125206206
1.46935663759  42.8548520397
1.48310063084  46.7017692115
1.51097549343  45.0125206206
1.53460433732  45.5687028974
1.52038305576  47.8630092323
1.55860269233  50.2728299711
1.59283218742  54.1169526546
1.6127283625  56.8416487597
1.6430395771  54.7856308252
1.68434257326  52.8039810669
1.70009749101  51.5228644582
1.73205080757  59.7035286584
1.75368597189  65.8668154693
1.78111035583  58.9748257901
1.8033583263  61.9441075077
1.83155949339  58.2550170004
1.87178357166  65.0628874866
1.89516414743  69.1830970919
1.93078373999  84.2041184178
1.94884380656  105.034829146
1.97318694696  97.5738257176
1.99783415918  86.2978547767
2.03538343366  106.332657164
2.06721304149  94.0444851726
2.09303474005  88.4436519139
2.1191789792  79.1893296602
2.2409287075  68.3386927088
2.16571965748  90.6428043212
2.19277180887  100
2.13900124756  110.323153337
2.21328244609  141.037088276
2.27597266077  169.563875196
2.42924235254  191.719667299
2.39183845181  124.738351424
2.30440198992  134.276496114
2.31874954581  106.332657164
