0.221688 0.00399693
0.223371 0.00349159
0.227239 0.00409185
0.226362 0.00468471
0.232154 0.00468891
0.237764 0.00537346
0.242657 0.00513979
0.244159 0.00588652
0.248263 0.00705551
0.253596 0.00790401
0.259729 0.00991323
0.27356 0.0166875
0.301497 0.0307818
0.403347 0.520883
0.439297 1.31649
0.492367 2.90683
0.537162 3.90363
0.618664 10.3253
0.645729 11.5654
0.675214 15.8729
0.711832 19.0264
0.747924 19.916
0.787872 20.8473
0.826448 24.4279
0.862652 27.9827
0.909149 30.6418
0.945551 32.8001
0.993298 34.3291
1.01898 37.5809
1.0946 39.3382
1.19418 47.1536
1.29933 51.6381
1.35909 57.8241
1.40761 64.7468
1.47786 81.1664
1.51559 97.245
1.57597 124.681
1.59692 159.835
