0.126828 0.002966
0.138594 0.00536335
0.13892 0.00548656
0.139743 0.00548845
0.140742 0.00587544
0.141756 0.00614933
0.142959 0.00629276
0.143655 0.00629449
0.145604 0.00705195
0.146507 0.00789729
0.148348 0.00864954
0.155377 0.0133151
0.158719 0.0163327
0.16333 0.020041
0.169181 0.0288091
0.175464 0.0433259
0.182514 0.0681716
0.189545 0.100228
0.194219 0.137623
0.1998 0.21641
0.205004 0.265436
0.208625 0.31109
0.211995 0.372895
0.217064 0.399381
0.219073 0.500698
0.223639 0.56095
0.227955 0.672441
0.231533 0.688173
0.23616 0.902907
0.239512 1.01128
0.244467 1.29722
0.25557 2.18339
0.270192 2.93312
0.277169 3.43784
0.282475 3.68075
0.289395 4.51306
0.296666 5.17122
0.301202 6.05899
0.309894 7.5992
0.316542 8.13615
0.324369 9.11397
0.333531 10.4431
0.342229 12.2384
0.368955 19.2554
0.398868 26.456
0.414265 29.6396
0.421657 33.1926
0.427766 35.5282
0.437272 38.0333
0.452361 38.9258
0.461193 42.6189
0.474145 51.079
0.489891 53.4675
0.502404 55.9599
0.511111 55.9753
0.527071 65.5893
0.536647 71.8073
0.546581 76.8599
0.556899 78.6363
0.578743 84.1926
0.590314 90.1167
0.624681 98.7075
0.634754 103.287
0.667047 108.125
0.682472 113.149
0.719903 135.629
0.70698 126.722
0.756736 190.392
0.733247 173.894
0.797683 186.245
0.787081 166.344
0.837308 190.589
1.42253 344.14
1.47598 329.016
1.53368 300.671
1.55398 281.002
1.66375 251.096
1.73743 229.464
